20
G.gallus_DNAJA2_dnaJ_homolog_subfamily_A_member_2                 0.0000000 0.0932295 0.1309041 3.9081248 3.8024077 3.6571293 3.8468202 4.1529858 3.8531307 3.7754764 3.6255232 3.6153574 3.6176849 3.2198361 3.7438776 3.7240581 4.0892404 3.6804458 4.1647154 3.9532185 
X.laevis_dnaja2.S_DnaJ_subfamily_A_member_2                       0.0932295 0.0000000 0.0775762 3.9179654 3.7240147 3.5564359 3.8227654 3.9981929 3.7539602 3.7440836 3.6082538 3.5616279 3.5563421 3.1729327 3.7169697 3.7097100 3.9862405 3.5752710 4.0715302 3.8466543 
X.laevis_dnaja2.L_DnaJ_heat_shock_protein_family_Hsp40_member_A2_ 0.1309041 0.0775762 0.0000000 3.8380951 3.7653991 3.5483804 3.7393059 4.0475067 3.7643252 3.7305882 3.5881098 3.5492753 3.5563729 3.2522014 3.7197879 3.7197321 3.9388842 3.5924292 4.0913904 3.8471237 
C.carcharias_LOC121288591_dnaJ_homolog_subfamily_A_member_3_mitoc 3.9081248 3.9179654 3.8380951 0.0000000 0.4691272 0.7965691 0.5445932 0.4602411 0.4843879 0.4915784 0.4909147 0.5239781 0.4469102 0.7438529 0.6480323 0.6632073 0.6270727 0.5249647 0.6218094 0.6095638 
G.gallus_DNAJA3_dnaJ_homolog_subfamily_A_member_3_mitochondrial_i 3.8024077 3.7240147 3.7653991 0.4691272 0.0000000 0.7081123 0.3496219 0.4109711 0.4161297 0.3720439 0.3477741 0.3872573 0.2970785 0.7505456 0.5433225 0.5346902 0.5256144 0.4416873 0.5410987 0.5300398 
G.aculeatus_LOC120824608_dnaJ_homolog_subfamily_A_member_3_mitoch 3.6571293 3.5564359 3.5483804 0.7965691 0.7081123 0.0000000 0.8187239 0.7256349 0.6968735 0.7911422 0.7361687 0.7692127 0.6690930 0.6958781 0.5071765 0.4956919 0.7552440 0.6580902 0.7238526 0.7227109 
C.mydas_DNAJA3_dnaJ_homolog_subfamily_A_member_3_mitochondrial_is 3.8468202 3.8227654 3.7393059 0.5445932 0.3496219 0.8187239 0.0000000 0.4090817 0.4224586 0.3640800 0.3463422 0.3844511 0.3507241 0.6924220 0.6441513 0.6519753 0.5748417 0.3863795 0.5696886 0.5118960 
X.laevis_dnaja3.S_dnaJ_homolog_subfamily_A_member_3_mitochondrial 4.1529858 3.9981929 4.0475067 0.4602411 0.4109711 0.7256349 0.4090817 0.0000000 0.0773476 0.3869626 0.3851878 0.4288078 0.3817303 0.6845366 0.5340070 0.5352419 0.5055044 0.4555056 0.5327897 0.5184081 
X.laevis_dnaja3.L_dnaJ_heat_shock_protein_family_Hsp40_member_A3_ 3.8531307 3.7539602 3.7643252 0.4843879 0.4161297 0.6968735 0.4224586 0.0773476 0.0000000 0.3891299 0.3808128 0.4240109 0.3951556 0.6667951 0.5300594 0.5267156 0.4714630 0.4309486 0.5040901 0.4888504 
F.catus_DNAJA3_dnaJ_homolog_subfamily_A_member_3_mitochondrial_is 3.7754764 3.7440836 3.7305882 0.4915784 0.3720439 0.7911422 0.3640800 0.3869626 0.3891299 0.0000000 0.0764135 0.1333620 0.3974156 0.8227857 0.5792023 0.5717619 0.5357307 0.4995801 0.5638355 0.5478826 
E.caballus_DNAJA3_dnaJ_homolog_subfamily_A_member_3_mitochondrial 3.6255232 3.6082538 3.5881098 0.4909147 0.3477741 0.7361687 0.3463422 0.3851878 0.3808128 0.0764135 0.0000000 0.0966872 0.3794774 0.8280778 0.5468154 0.5439446 0.5071826 0.4807254 0.5403613 0.5274679 
H.sapiens_DNAJA3_dnaJ_homolog_subfamily_A_member_3_mitochondrial_ 3.6153574 3.5616279 3.5492753 0.5239781 0.3872573 0.7692127 0.3844511 0.4288078 0.4240109 0.1333620 0.0966872 0.0000000 0.4268109 0.8118545 0.5977004 0.5952596 0.5527332 0.5084819 0.5662120 0.5538117 
S.townsendi_DNAJA3_dnaJ_homolog_subfamily_A_member_3_mitochondria 3.6176849 3.5563421 3.5563729 0.4469102 0.2970785 0.6690930 0.3507241 0.3817303 0.3951556 0.3974156 0.3794774 0.4268109 0.0000000 0.7611563 0.4943326 0.4957973 0.4955236 0.4333013 0.4681582 0.4605158 
D.rerio_dnaja3b_DnaJ_heat_shock_protein_family_Hsp40_member_A3b   3.2198361 3.1729327 3.2522014 0.7438529 0.7505456 0.6958781 0.6924220 0.6845366 0.6667951 0.8227857 0.8280778 0.8118545 0.7611563 0.0000000 0.5124624 0.5047371 0.8476749 0.6812928 0.7060633 0.7173596 
S.salar_LOC106590570_dnaJ_homolog_subfamily_A_member_3_mitochondr 3.7438776 3.7169697 3.7197879 0.6480323 0.5433225 0.5071765 0.6441513 0.5340070 0.5300594 0.5792023 0.5468154 0.5977004 0.4943326 0.5124624 0.0000000 0.0399393 0.5530473 0.4995889 0.4877031 0.4630328 
S.salar_LOC106564522_dnaJ_homolog_subfamily_A_member_3_mitochondr 3.7240581 3.7097100 3.7197321 0.6632073 0.5346902 0.4956919 0.6519753 0.5352419 0.5267156 0.5717619 0.5439446 0.5952596 0.4957973 0.5047371 0.0399393 0.0000000 0.5304562 0.4986059 0.4950114 0.4734973 
G.aculeatus_dnaja3a_dnaJ_heat_shock_protein_family_Hsp40_member_A 4.0892404 3.9862405 3.9388842 0.6270727 0.5256144 0.7552440 0.5748417 0.5055044 0.4714630 0.5357307 0.5071826 0.5527332 0.4955236 0.8476749 0.5530473 0.5304562 0.0000000 0.3984874 0.3003395 0.2954141 
D.rerio_dnaja3a_DnaJ_heat_shock_protein_family_Hsp40_member_A3a   3.6804458 3.5752710 3.5924292 0.5249647 0.4416873 0.6580902 0.3863795 0.4555056 0.4309486 0.4995801 0.4807254 0.5084819 0.4333013 0.6812928 0.4995889 0.4986059 0.3984874 0.0000000 0.3470525 0.3517081 
S.salar_dnaja3a_dnaJ_heat_shock_protein_family_Hsp40_member_A3a_i 4.1647154 4.0715302 4.0913904 0.6218094 0.5410987 0.7238526 0.5696886 0.5327897 0.5040901 0.5638355 0.5403613 0.5662120 0.4681582 0.7060633 0.4877031 0.4950114 0.3003395 0.3470525 0.0000000 0.0256087 
S.salar_LOC106592966_dnaJ_homolog_subfamily_A_member_3_mitochondr 3.9532185 3.8466543 3.8471237 0.6095638 0.5300398 0.7227109 0.5118960 0.5184081 0.4888504 0.5478826 0.5274679 0.5538117 0.4605158 0.7173596 0.4630328 0.4734973 0.2954141 0.3517081 0.0256087 0.0000000 
